6957
5511
8467
8534
1663
36
5524
8903
3204
8066
838
9869
3057
8102
61
8336
9533
9726
9848
3147
1502
4645
8772
3087
8666
4140
4369
3096
3812
9270
3648
9017
5704
740
7816
8193
7431
1203
3246
466
3899
3943
9789
1774
3927
8410
4403
373
6905
4837
2791
3995
1351
7336
4215
4716
2878
7268
5023
7192
2027
6441
4509
5048
8250
2744
2716
9669
4905
9195
3528
5428
1552
1061
7976
5463
4066
4697
2064
2524
124
6077
633
116
7477
6579
3760
194
5072
8542
5055
5005
2605
3358
1807
2317
2313
391
5413
5249
7990
5914
6768
172
70
7431
5367
8759
2374
229
2753
3155
5667
9822
658
6443
5493
6086
1665
4119
6966
2270
5573
6125
7128
4868
7754
3127
6311
8347
6765
5210
3527
2123
7202
5910
7323
5851
407
9627
2785
3075
9960
5814
7392
2625
1150
9105
3294
1725
3571
529
1237
4740
3863
1305
1861
6720
1203
7389
3359
1460
1642
9857
601
9650
8616
3534
9765
3910
6042
3836
4192
3933
7293
9706
1790
6849
8039
8722
1608
4956
3462
9005
7394
5471
665
1375
8936
4639
5228
4350
7757
1643
6825
4070
2350
6081
2556
967
9551
6501
8247
5130
2882
6449
7316
2677
5724
8804
4056
6193
7058
8788
3126
3281
147
981
9942
8658
28
5899
7217
6822
3990
7263
1406
4341
267
1957
9046
3024
4161
831
7047
7890
7467
41
2889
6688
6671
9383
381
987
7712
6222
4124
2339
271
1043
1165
885
2543
3390
1459
7910
8218
5020
9692
8315
1011
473
9798
3759
8512
3927
47
2303
6316
5218
1001
5795
5473
7191
796
1936
1144
1196
2248
4016
7983
7444
4081
7615
8296
2198
4232
241
2272
4336
6601
6833
5711
9676
3923
1320
9584
2652
8457
2027
7485
1407
9115
6628
1576
4187
8332
526
4990
2039
4483
1111
8804
5247
5990
9146
4693
8672
1388
7691
150
4237
5564
8471
1774
7160
6149
5303
3535
6209
5612
4356
1151
7273
3998
1368
776
3813
4420
6684
5
7410
8474
9983
1933
6549
1522
7934
8413
1998
8448
9619
7007
2742
8927
6583
7191
7264
7528
6607
5320
1154
8006
2886
4543
3541
3065
3229
5461
1633
544
7074
5618
4753
4487
1658
1114
6740
4913
2510
1591
8269
3180
7586
651
8744
848
8841
7344
772
8653
9787
813
8903
8808
2685
9369
8318
8215
4431
7358
8464
2389
5885
7990
1239
9872
5430
8005
3268
4776
3891
498
7061
695
4592
5539
6393
2702
9274
4312
7105
5372
7902
1424
5746
3896
7952
1757
4916
2167
6685
2777
6015
6492
8126
569
7214
6023
4966
8047
6891
1381
4502
6721
505
1033
6802
9268
1986
976
2814
8678
9021
6996
9879
1220
5353
376
2189
4679
2174
7301
4166
352
5016
9393
5409
7151
2151
7847
6912
8835
5442
6428
9590
850
4854
9247
7772
1572
3350
7674
2332
3835
9816
7014
356
6539
3785
7612
866
2884
7280
6992
8994
1288
5860
9284
4248
7430
3089
5722
1991
985
89
5325
1136
8653
4561
7995
5180
5815
1725
3216
8180
2797
3014
6309
2043
8118
7005
747
6583
331
1096
9454
9212
2106
1730
162
6848
5060
5587
9961
8611
1505
4092
1959
4278
9764
8849
2628
54
2982
6149
1836
237
7496
4570
8865
572
5703
885
6733
6740
123
5974
4070
9266
9884
4241
8475
4393
8210
7170
7775
8966
9663
4063
5976
6220
8859
784
8775
8502
8179
345
9486
2442
600
7563
9987
1851
5175
3718
2852
3705
6933
6085
238
2980
1
1571
2277
2839
2619
3273
2737
7642
5355
3728
2552
7656
9342
8847
2433
5936
9624
2103
4234
9841
9812
9398
7006
1918
8165
1228
7744
7472
1938
238
8701
9040
6386
9093
2876
1206
7156
5693
6744
2716
9977
186
4673
6676
9525
1004
2555
3805
141
5166
9165
8125
4679
1500
2500
9293
4174
4078
4933
834
254
7202
5393
8965
4257
2518
8984
2370
1874
3532
4479
9366
9792
2667
7905
5193
1307
1282
6135
8824
1153
3618
7782
5675
5898
1510
0
9834
5195
7881
8851
7050
864
3528
7768
7593
5368
3520
3371
6347
8566
6647
376
5969
1799
3795
7677
7849
1362
8840
5802
4697
9179
8761
1905
8096
7125
7988
2206
4090
2826
5710
3362
2
9048
3875
3646
6057
5751
7878
2009
6095
3825
1597
8081
2708
2104
3343
9047
3438
4813
9539
9900
6352
4828
8509
2074
5266
9277
7603
1701
7153
7897
3106
2790
6873
1320
3827
2547
7258
5963
6109
5727
5794
4597
88
2415
2672
6787
4497
8985
8818
1420
18
5082
6663
4290
9263
447
869
7344
4835
4162
1010
2583
5589
5444
3303
2856
5219
9529
3854
3828
6600
4362
1647
6242
9923
3839
5463
5274
2616
1146
5331
4258
4263
1396
5687
3332
306
6200
4444
9693
4172
4073
9404
5025
8669
9643
1060
7426
3957
1525
8730
9679
1246
3406
5161
3084
8447
5414
3298
6202
6487
3142
7713
900
2682
9871
2384
3793
679
3429
5921
9873
4806
2937
5178
6450
353
2240
8207
9825
342
6184
7979
4110
3583
3160
8948
1474
8499
2265
9611
5792
2091
6325
5517
7099
3674
2610
8849
2579
8572
1550
2662
924
7829
9994
134
789
6159
9648
1764
809
1892
3206
6381
8209
9425
381
5008
5344
6851
3546
162
8716
8857
8052
7024
2967
7704
5371
7043
3151
3205
8201
9005
2185
5933
5426
7386
6797
6620
1368
2875
4520
8662
8182
5384
6313
9994
2433
5525
4265
5163
6899
6632
1467
8426
6472
5660
1661
3876
2659
8017
9528
9214
4637
8301
8596
5608
6077
6212
2673
7298
6012
4480
8422
1071
8929
3576
1245
7561
3941
6156
3999
3427
5421
2735
8226
5909
7792
8914
561
9002
5315
3644
2775
3535
3637
7460
2509
1833
3660
9410
3176
1292
9828
1470
5733
217
4332
9669
2060
3575
5938
1820
9563
5912
7122
2814
9237
3646
6057
9752
4953
9175
601
845
9998
4792
9901
3987
7991
5283
5476
3147
9246
4250
7725
3363
352
708
5677
7978
4291
9304
7514
4995
780
9618
6894
2952
1668
7469
5424
533
4211
3845
4789
8321
5841
5177
2949
5527
7636
2015
7621
9320
126
1875
6802
9466
4297
5978
494
6394
2689
8962
9972
6503
336
5215
967
4569
2986
5457
4938
9426
478
2387
8249
5775
6478
4837
2525
1902
1865
5677
703
400
7974
9939
2370
6540
7633
6110
8891
6868
6472
5350
3471
8803
4341
498
3879
529
6826
9199
5806
9328
9848
3174
3036
5649
6105
8760
6496
9657
737
2195
8052
6794
4990
6788
6478
8966
902
8162
2393
8387
7067
7989
6183
1784
5381
6327
7932
3742
1356
7553
1176
9273
6046
5150
2982
7346
5938
6159
1250
9097
8255
6977
6437
6693
3030
8357
8939
1417
60
8984
5281
2454
8353
3753
5941
1053
8076
5080
5162
8271
149
2907
8409
8357
6614
1906
6276
3961
5707
2356
4599
3829
9172
4607
9272
8428
5729
5677
854
4013
3903
544
8429
1063
9406
8
4387
8727
7139
1597
1795
2929
5554
9936
3853
2149
1587
8243
559
1510
7647
3164
1180
2804
8297
1044
2338
5324
3113
4882
640
9998
4002
7750
5641
7183
9745
242
3625
6726
7928
6631
5215
7389
4561
6864
123
1605
4679
9253
510
657
2994
1780
354
4857
2303
8319
1988
3051
8729
9724
2554
5898
7134
8770
2491
7731
7072
2200
5373
2562
9506
2789
3423
784
7173
9223
5874
4489
6962
1888
7933
943
979
8161
6605
5748
4034
1730
5862
9481
9255
6582
7716
4194
212
7857
7660
9055
7520
8525
2608
7628
199
2985
7004
2810
7272
6113
8076
9288
3051
9032
4343
7517
323
915
2443
7706
9309
9542
6103
7038
6621
1966
7640
8480
7720
669
6772
4909
8397
9884
3721
7995
5648
1384
3585
7333
5995
8961
6789
1623
9780
6073
6058
359
3230
1679
3803
1463
6232
5183
5068
7552
2633
2535
254
1137
1642
2093
8735
6935
3426
610
9168
7697
9369
6852
4805
8490
7594
2783
2441
3173
7389
9976
1785
6015
1881
2014
7947
803
6995
1943
3538
9617
6085
7601
8426
3493
3892
6566
4576
7636
495
6832
616
4526
5809
8901
5769
9290
7813
9939
5601
3083
3204
857
2708
1819
7429
2778
3861
9599
2188
168
1436
8438
2386
4140
995
8491
1252
898
8781
5863
1896
7113
2596
8319
5902
6137
7017
2724
4751
6399
9254
1888
7816
6051
5074
2629
1492
6020
5158
1352
7606
6960
1035
8189
5671
4304
6288
5858
2796
9595
3133
4786
7071
5582
6654
1755
5128
7206
8986
5364
2237
498
3578
7920
3768
6688
5284
47
150
9360
5480
1237
3549
8373
2675
6865
3425
5428
8152
9766
9828
2677
3049
2374
7859
7571
8000
3639
4065
4245
8971
3465
5692
4199
3220
6233
6730
6763
7480
4156
434
2875
6393
642
6639
4111
2973
3636
3603
2539
4477
9001
8308
6008
6415
4376
6236
7750
4660
4700
1450
8824
591
1575
507
6850
7068
14
9188
4710
3632
7742
9325
8484
7794
4205
4118
4724
5539
8700
4246
3372
8220
9629
3790
4111
4931
9800
4560
757
9123
5875
9733
399
5748
3630
2904
1444
531
4497
6619
7473
6125
3025
5246
1832
806
9363
659
1308
4184
5636
5600
5871
933
161
8846
5494
7943
8886
8317
4341
2498
9106
3136
7253
9091
6566
3310
3382
311
3386
6176
7080
2850
887
2057
6677
3180
8385
7670
7698
8638
6258
4739
8205
8787
9218
3005
471
8781
3590
1364
4989
1155
627
8208
9949
4984
6416
2224
1730
1677
7764
7869
9712
4789
2604
5547
1771
7198
2918
5105
5171
2759
7971
2681
1278
1098
5702
5180
1485
3602
562
3672
6064
5884
6758
6881
7274
6960
6916
8588
2977
8247
7514
8249
7279
6104
4068
2432
248
69
1027
5765
9636
5250
3619
4007
3732
1349
1454
8601
5929
2721
6622
1573
8442
3541
2194
2028
4687
9690
609
652
7299
4257
5232
6583
1489
6725
2521
1845
1507
6833
6735
2108
1338
2867
3844
8983
9465
723
6429
8249
1471
4454
6739
501
3643
1200
796
5520
5267
3446
2449
9351
7318
9337
2642
3545
424
7439
5780
9332
5597
5760
2064
5557
7052
6134
1937
8175
7635
4121
6353
781
3873
1455
4511
238
9466
2801
8883
8781
3160
1060
5902
4164
9358
5792
9519
2388
7607
7475
3969
3347
104
6249
1579
8302
4781
7560
1192
9571
5175
8690
2897
6970
7315
9550
5144
2659
8129
8304
1024
5846
9523
7391
1552
1491
7208
8368
5094
2635
3580
4593
3743
4245
9533
9232
9423
7611
951
2344
4757
8199
1796
4849
6339
6630
7217
9082
927
1972
6894
5335
8325
8916
978
1284
8203
5521
8383
6538
1982
6251
9972
7675
5022
5776
7191
71
8864
2635
112
1594
7993
8249
7504
9814
728
6051
5562
8742
9214
7468
1214
3343
9225
6418
552
38
6484
1597
2879
9269
2586
6333
6074
1808
214
9082
9580
3959
4334
3713
7134
8038
3322
7687
2602
3624
1555
7932
8716
1911
2902
8761
355
242
2783
3558
1131
6363
4950
2088
4437
2301
8025
8287
7910
5875
5948
9184
3270
3821
5969
4182
1903
4236
7585
5378
209
7664
5916
3807
7752
5496
3408
3531
5542
1569
4472
5378
1401
7848
8688
4759
4303
7922
9539
3512
9808
2643
7299
3985
4295
716
6650
4681
6520
3294
1891
703
1261
5694
5179
8982
1274
1269
6148
7775
587
2128
4468
2317
4301
8919
419
3639
7483
7243
2413
5579
8476
1347
4519
5759
30
6735
1546
9959
4995
2076
3975
5681
2025
7371
149
9965
735
9705
8517
8543
5024
145
8442
8260
7965
5306
4105
2390
1507
4975
2390
8914
9569
2785
2266
5144
3579
401
153
8181
5449
6920
3047
9584
4111
4276
8733
4398
8262
6317
366
9187
9749
3918
851
1103
9172
1006
1045
177
7690
6702
4586
9981
6767
6899
1327
7642
660
4572
836
2735
4808
1845
7150
6061
6976
8441
6112
3486
6979
499
6980
7103
5147
964
727
5804
9295
7742
8487
34
4887
8657
4908
962
3343
2867
2856
2605
8987
6839
7869
6538
6002
9269
3011
2753
2939
3370
7398
6933
3827
6860
4558
3977
1735
9673
9973
9940
2745
6928
726
9739
5756
9999
3968
5940
6237
1687
5093
4737
160
2427
979
8843
7660
3220
8394
3413
4686
7569
2808
370
4888
9062
8192
8528
3289
3457
4148
1767
7920
4135
2709
5177
5516
7586
3501
9577
2627
1272
2599
8084
4044
9597
7381
4547
6309
5049
6956
2528
5285
569
5324
5288
3206
6160
2343
1751
2485
7400
5762
773
650
6047
6140
6214
3209
3253
5282
8300
9005
4028
7981
2529
5656
7545
6327
5995
1072
1643
5597
2433
693
1452
864
1470
9110
1440
3822
4665
9030
7409
65
738
148
9931
8080
5063
5458
3585
2536
3983
2743
6952
6123
2783
4553
6801
6140
7289
864
6138
4318
2937
4764
9874
945
1923
3038
3752
7267
8551
298
1863
3340
5287
7455
5596
2055
7155
2729
2194
3862
123
6172
4212
911
9886
6712
2132
3759
1092
4087
1130
8569
3435
6761
9596
7848
308
853
1356
3121
7703
4466
5767
3693
5949
6388
9855
1657
4506
8085
4492
9643
527
3149
2240
4467
5196
8915
7941
6778
7938
834
4392
4108
7532
1368
4504
2288
873
1675
8251
8113
4667
6146
7398
4342
2714
6986
3492
6646
1588
8454
4972
966
493
8132
7316
8871
6884
5639
6168
7989
8036
7578
7083
4351
160
1194
7136
3577
885
8194
3022
8236
7987
4522
7457
9411
7088
1458
721
1557
3699
8382
6975
1035
488
7751
5658
396
8927
8433
6690
2422
5580
4377
4464
227
7198
1788
9710
2291
5558
9498
168
4221
2450
3983
723
2221
7650
2632
1151
6801
7828
6296
4974
9088
2334
4882
6012
6230
2608
7811
220
6884
5548
4563
9106
2530
7591
9145
7645
5435
5491
6393
3951
9523
1828
7260
196
6078
8110
4898
4247
2271
6029
3265
9342
6815
7887
5217
4736
3709
501
7631
3712
2004
3020
6949
6611
6775
7967
9720
5589
4111
6594
9226
4722
793
4125
1059
3753
7567
7864
7661
6295
3440
1289
4254
3634
7270
221
6338
3388
2047
2974
1979
8254
6771
4973
516
3815
549
9762
2933
5944
3681
2523
8207
7770
860
9318
4197
3299
2341
5052
1283
9865
9973
5893
1892
4356
6291
7306
9288
8817
6558
7175
4561
9477
5576
4598
1620
9509
3366
8831
6182
9893
6437
9610
6232
4652
4208
9604
8236
6412
3416
2113
5533
5771
6822
2299
2724
3246
6414
8193
2646
5750
5391
8534
579
447
7753
8098
3681
7648
9020
7575
2352
921
6763
4295
4202
7033
4957
2141
616
499
1954
3843
534
7536
7837
6504
5975
2046
3289
1694
9094
1877
8754
4751
1121
7073
9620
4001
9386
3066
440
9554
9824
845
8804
3056
8850
3028
7337
4296
294
9444
563
7952
211
8357
1862
3912
4810
9777
4597
7564
4494
5442
646
2294
45
6001
9020
4962
5382
9685
7040
6610
4985
8336
6631
4846
3061
6033
8671
1385
5875
2757
9083
8119
8234
562
1345
7706
93
2518
1465
184
9460
5332
3083
5391
3363
5018
2362
2073
9479
1232
4576
8485
7239
9948
6906
6018
8694
6068
4851
6922
6250
7226
2876
9550
6473
7580
3439
9716
6644
5678
2382
4738
3427
3658
2828
7524
1127
5953
4163
1668
340
4452
7498
4938
6515
3640
4049
7761
1905
3613
8318
5358
3726
1069
3623
7033
5938
8397
3604
3788
2004
8772
9616
5902
1226
853
618
5425
1810
73
9086
4630
9684
4816
3802
369
3279
4802
7905
6030
967
5945
8538
7328
9665
582
2607
5498
228
4525
1713
1654
7690
2698
8130
9018
2156
3250
2894
5569
9196
5990
6485
8199
6980
4739
2389
933
1040
4782
3908
3977
6597
5980
4983
7395
2620
9289
6511
3070
1483
9460
654
1297
2958
9510
6995
3782
1554
3178
6030
3168
1763
55
7443
274
6646
4291
2911
4162
1366
1910
5748
6886
4773
3605
2611
4293
8962
9594
5705
6627
8824
649
7434
7828
1061
4695
3311
422
4870
1545
3059
3666
4564
9261
4314
6225
7747
4410
8130
1084
1385
5025
537
9599
2060
9520
9839
3674
6025
6932
5037
9856
9306
3950
6783
6846
8009
1949
8621
8379
4241
2926
2903
6731
3617
6646
2765
8199
6188
2614
8770
841
3804
9499
6475
6453
3431
1574
9025
3348
7732
6415
7127
3814
1362
594
7257
317
3830
452
7823
7493
7556
3154
2104
2751
2788
9189
6316
6922
9418
1217
870
7809
9412
5760
3017
3709
2588
3605
9450
1030
2737
1990
8154
9976
753
6654
9841
4932
6328
4639
593
1679
36
9405
9046
1830
3175
8212
3379
6011
3620
8037
5637
1218
2093
323
3537
4483
4787
6774
2787
4583
5053
8082
6153
5799
9012
4998
9054
2987
7345
6484
5295
5114
8301
2788
691
5277
4992
2282
6805
8778
3414
9613
1801
7268
6335
9312
495
6182
2157
3409
1091
4763
7193
3747
1798
2779
4394
9763
6550
5744
1517
267
5402
913
6947
3430
1803
9604
1956
2610
5918
7537
4052
6915
468
3752
7239
4485
3103
428
1526
3335
7269
462
5798
9325
1698
7000
5320
3308
7224
9306
7537
9855
8408
2317
7612
8068
6677
3021
8170
949
1061
5411
6113
3560
2473
7173
3031
1760
7492
5497
4739
2720
8060
6454
9780
5587
4190
2198
6330
5684
7815
2980
1916
8475
7246
6369
556
133
3368
4426
7510
1
633
637
2706
6522
8233
2362
68
2241
9375
1248
1486
5407
9518
3636
949
5387
7624
5316
6523
6593
8008
151
5238
990
4203
99
8727
2339
421
4901
5507
6310
636
3377
9162
9348
105
4601
354
5744
9218
6551
4616
6755
4985
1776
7152
7810
1159
4558
512
9852
4041
1653
923
8673
7337
9204
4334
1773
6096
1711
3733
5667
6708
5018
5232
7866
7230
4239
1541
6819
9901
9225
7968
9973
5574
4754
7909
4828
8051
9949
1863
356
4802
1629
6488
6484
9393
9232
7923
7480
102
4788
6685
1008
8671
9985
9789
8403
2898
3811
9446
3280
6887
8467
6688
4965
3143
8308
2543
443
1446
6390
9050
3541
442
5911
7302
2846
9218
9260
9947
554
7819
5735
1173
2817
7568
44
8017
8495
4393
7658
3059
7228
887
9781
52
9660
5777
276
817
2344
2671
9214
3898
7346
3469
2881
2851
1919
5679
8078
4836
6721
7030
9314
8200
2023
5206
1111
1116
101
5349
4048
2051
8574
3025
2412
6789
3856
5767
3344
6072
6052
2023
2243
2528
6679
2356
6845
5494
8375
4076
2871
7575
1433
7151
7444
7350
5405
6196
2554
8496
5315
607
9792
6786
1070
2508
9280
2905
5554
84
286
857
1575
2062
8347
8812
374
7647
3899
1726
4674
5059
398
2768
7450
956
5691
3671
3486
2495
9006
2474
4580
3561
7364
827
830
6786
9406
2001
9797
3364
1711
5066
2556
3401
2497
312
660
555
302
5934
841
6048
679
6220
4934
8809
2266
7062
939
445
4667
5470
7400
6020
4522
5951
7357
4223
2850
8099
9
3379
6305
6572
7922
2998
7324
6733
5119
4070
3339
6661
6737
5143
3169
9001
4030
5390
9517
4155
9486
316
112
9710
5553
556
6425
9656
7067
9262
8138
962
1833
9022
3576
4364
6037
4945
1174
867
1154
6560
4698
5362
6842
7544
5446
4022
9961
8922
7925
2702
3296
8347
1599
9415
8805
5359
253
5170
9317
87
2193
3917
9465
783
9100
4177
1353
3761
8668
2042
2947
7874
6331
7665
7520
4464
4391
5109
610
2905
2595
8458
6889
1285
2875
5505
3122
1589
2326
3962
4928
8796
2771
4180
4498
3727
2262
6633
3557
184
3753
2067
925
7949
8831
7133
6805
4550
9867
8570
6610
340
2254
4569
5533
3429
9478
2792
1380
3234
7724
751
7212
4062
3392
5672
7254
2973
6502
7871
9224
9458
5265
3684
3720
7911
2294
1519
6669
7791
905
7273
3934
459
741
3450
8147
6167
5553
9682
6585
9459
2403
1016
5495
6298
766
4348
628
1673
2060
2683
5966
2127
4981
1510
2636
3677
9692
1532
7800
1944
4381
7213
8981
7953
1005
1179
2699
23
3150
367
7579
9461
7820
1009
1147
5328
4731
6015
6418
1489
1215
149
9083
7327
8177
5485
8608
2062
2744
2090
6878
1442
6201
6589
6162
4700
1597
4373
4109
9191
4035
9524
7256
9822
8045
258
6102
551
683
6655
4172
5575
6038
1773
715
8573
6685
6825
1667
9381
281
6085
6348
8812
4983
7374
7992
3998
5664
9580
4648
8582
3995
9515
3275
4365
9387
6581
3886
3603
4505
5249
2517
4050
8628
2115
1489
2055
4450
6462
2903
2551
9115
642
6700
8594
8235
9386
7673
7284
2445
5159
6838
3360
9647
80
1272
6505
2507
3599
3143
3529
2
9097
3006
1981
3860
1930
4672
7425
5586
5993
8927
2697
7413
5875
1238
3753
1039
6863
4189
3374
1262
5664
8854
988
7742
539
574
4101
7042
737
3659
4446
8829
1642
6446
9861
4630
3796
2820
1089
4932
1132
8833
1254
561
6151
3362
4599
7236
7533
9884
183
8019
8736
2421
5765
6971
4482
2409
6814
8722
5741
4889
5708
2929
2790
1744
6586
9594
257
6930
1999
1110
7652
3664
8572
9537
3848
6337
199
3099
4188
561
8957
4190
4478
3218
5869
2275
6977
623
5958
8989
9688
6981
4576
9456
1738
7242
4935
3419
4451
8089
9945
2081
9833
8372
5015
1778
5616
5574
2296
3524
8756
8060
1001
8317
7347
3779
2897
1650
4256
4890
6852
7115
4489
4301
1378
8215
2286
4554
9545
9523
3249
1624
6342
3202
1412
6280
4572
4547
1133
3403
1723
704
8870
5352
6906
5
537
8888
3907
5452
5921
6426
3678
4825
2906
1460
7180
1586
671
4903
7394
5320
2886
3754
7526
7781
9028
6051
955
808
4370
6346
7321
5318
6947
4125
8282
6414
2860
3485
5959
8207
9635
6202
6830
3412
1058
1839
3953
6962
5880
7964
780
9963
7102
740
541
137
8170
1142
6204
7590
7348
4898
7353
206
1753
4872
1982
1252
8137
3063
3155
2914
8323
5657
2768
3359
3432
8611
7232
1678
2478
3195
2793
4591
7768
533
1432
1152
1623
1775
1789
6859
6397
5797
3421
6553
2480
9478
6830
6273
7077
6572
6180
7855
9870
9908
6375
6457
393
8274
1289
442
5927
3681
5300
5071
8028
6928
6035
6333
418
9395
2217
8886
917
6801
6883
2574
5317
6310
2855
5269
1668
1813
4344
5899
9313
3468
5807
424
8190
6669
6796
5267
410
2467
9422
7241
7932
6212
3270
6363
7276
3633
1133
8114
4638
3966
7766
4688
2520
7804
3014
562
2053
3347
125
6310
3545
8456
9849
6022
1473
7507
993
7903
9152
1400
8510
4658
2568
6315
930
164
2559
1773
9924
1533
9380
1419
6187
1209
3990
550
7422
2002
5925
2886
6203
9053
8506
5309
7766
6683
8298
3398
349
4769
7243
2464
3627
8839
2700
8462
3972
447
2712
710
8822
9542
1310
3631
6264
8521
1338
7885
83
8459
403
2204
5010
1601
8887
5996
1658
620
7634
9374
5735
4386
6962
1619
1523
2005
7901
1320
5309
1773
1217
1416
509
9324
9706
200
2534
9760
4463
4978
8116
1818
6423
8525
764
8242
320
9732
1313
5450
9380
8911
85
7303
5595
5138
5116
2327
2188
7652
9101
1109
2035
5901
6218
713
8214
3116
8870
6001
621
6416
3482
3472
5618
2436
4014
1886
4081
1188
1564
5315
6870
2462
8563
8535
5762
8447
6471
1670
2160
3463
6546
882
5554
6677
4341
4560
8608
6545
9894
9931
6000
6296
7217
3318
9707
8277
8680
8369
4284
1208
2134
497
1884
8475
1232
2494
8235
7461
2277
5835
7625
9655
4170
4542
7038
8722
1527
3609
7050
9103
4899
2040
9789
811
6158
1248
2375
7047
1591
3264
7580
19
9999
9540
2156
6922
8214
414
7264
2422
1824
7306
4743
6176
4619
4609
7575
3938
6288
5860
2851
8625
4257
9295
753
3338
2171
1146
3664
1806
4533
1182
5354
2943
4236
3869
1387
5325
7362
292
8397
4238
7486
491
1657
8669
9950
3238
7521
8123
5105
440
9728
9448
8341
6327
6303
2025
3879
7383
6851
5567
8782
7584
8420
8612
3378
4906
1752
7280
4424
9312
8802
3320
7695
9468
6626
7623
7421
5273
2448
422
1027
5974
9567
2185
8940
9109
4070
9879
894
3807
7839
1707
2150
3086
4222
9682
5267
3693
8913
3482
5708
8782
91
919
2422
8232
8666
23
7783
3802
1595
5301
4778
1451
8680
5994
3172
1139
5977
7357
542
5241
7036
6860
8526
263
6529
6041
9410
3012
9522
5251
3247
1562
3640
2967
1155
3432
676
3504
6072
8216
8812
7002
8359
9596
6568
3363
9904
2123
4812
7448
7091
1474
3744
6320
9915
2959
7633
527
1827
1997
1241
558
2470
1997
8416
6411
3378
9621
5080
2994
4898
4764
6005
6512
1150
2737
7176
7378
8665
9154
3297
3269
3486
3760
3043
1940
979
8093
3044
7140
2410
3262
5242
2549
2361
8350
1292
8054
1549
7000
1960
9872
235
9609
9090
1021
8517
1177
2658
1502
1065
396
5663
8143
5567
3805
5174
2536
6080
9964
8692
1752
4775
2516
1222
572
8132
7730
9875
5892
6577
1658
9688
3614
9718
4387
6434
5886
2915
4058
9632
1849
4707
1264
1725
8196
8807
5269
7424
6783
8819
7058
620
5321
8614
678
4914
3702
6384
3529
7827
2950
5803
8320
8064
5945
3425
4264
9805
9096
7487
2736
7945
1960
9606
3106
3446
7438
7536
7753
8513
8618
4078
1357
7182
9607
4550
8506
8090
6765
2775
5348
2685
3623
3478
5589
3949
7489
7177
8489
7819
8233
2172
6647
1926
78
7104
4386
4018
5358
6669
3297
5478
5139
2562
143
3743
5381
1490
3708
1079
8864
2185
1432
6186
2511
3741
3692
9399
6920
8322
3452
1887
9937
2309
1676
4154
8924
1288
4364
9429
7003
5938
5377
3056
7006
7836
306
9873
3139
6478
562
7772
4407
1385
3602
7088
5759
6097
4723
2304
2608
4031
8245
4662
1864
9737
1026
1709
7972
2902
9276
2538
5574
6616
391
5570
1344
5873
5149
9045
6318
7049
2040
3131
6627
4198
4683
6493
4894
3395
5386
9517
6779
2085
2711
989
7155
6401
8590
4938
8222
5767
1023
9645
7510
750
1659
1313
7136
7088
3698
834
7001
6084
4422
3203
3613
9170
8440
5667
3163
2310
2242
2494
2155
4170
8007
1346
1395
454
4817
8715
9482
5693
8342
9564
74
2885
5919
9435
3133
882
2505
5613
4141
9161
4417
7626
6833
9732
2009
6368
4372
6317
9450
5423
1112
1663
9659
7799
2078
4863
5082
6195
137
1901
496
5197
1447
4298
2315
9326
8246
2685
9956
1749
4263
4410
8785
4639
2157
6870
824
3659
4219
1173
9013
5866
7323
3930
3115
2444
567
8509
554
5080
9424
931
3453
7604
3311
9719
3894
2500
4453
3493
3079
5304
4685
4865
6449
8595
3387
4287
6055
1238
4141
2894
3524
7888
9918
9110
1807
8354
6561
9794
1570
6374
2215
3067
8566
2577
5936
6569
1602
6980
2194
1911
6847
2227
9227
3320
3122
9967
8279
6072
4536
9260
7643
8233
1405
7692
125
7408
7705
3030
5054
2742
3498
5647
6283
1244
3757
9711
5772
6678
777
4187
8275
8696
5991
3056
6423
9681
8421
7861
7070
6863
1195
4654
9140
7659
4655
1759
428
6892
4373
4347
5801
5603
5109
6792
2084
2471
7197
3977
5536
525
140
8317
6267
3794
9299
113
238
819
5488
5021
3503
4518
3993
3949
5295
836
9095
7475
6209
1773
2527
8999
5277
1958
9445
8285
5030
1744
3488
9792
6795
3954
3294
8234
9406
5883
6429
7202
3276
2924
3111
5345
8352
5276
1345
8596
8857
4603
7107
6274
9909
3206
8092
3448
1145
4321
7192
1946
263
8462
2347
7596
5063
7414
2716
1847
5996
4416
7210
1806
2497
6360
338
3889
5448
1424
2061
2791
4995
3447
2884
9266
7668
2576
2757
7370
9215
243
2544
4197
9933
5343
9783
2920
7378
7680
6250
3001
7304
4158
3455
9782
7429
3017
3600
9383
203
1466
7773
3793
143
2488
171
5375
8483
7290
7031
9607
2909
915
1574
9824
2973
9842
1783
7961
2400
2085
6102
859
7967
2230
3262
2564
876
6163
6332
9233
637
2786
7867
4753
3331
2954
2511
1973
5853
9068
5804
6606
5221
2273
3104
8234
7371
8064
490
5652
2992
5246
336
1786
8886
7649
7823
6853
2140
2802
1086
7038
904
6814
6916
30
28
160
5985
8017
1934
4733
6399
3374
3184
8599
2075
2219
4952
1183
2890
6234
1309
8296
6866
3737
2632
3369
733
6822
2725
8522
4155
2595
7316
6696
4610
3018
8475
3988
4462
9679
4187
9506
9131
6922
4830
8628
5412
9209
8645
4354
1987
6332
6392
609
9948
3138
1344
823
9790
8806
4555
4852
2693
4410
6866
7453
8189
6464
8529
1862
7338
8485
4526
2792
362
2210
8653
4148
399
5039
2267
8133
488
525
4245
4032
9181
4272
7127
6962
1310
8505
688
9117
4327
4711
8259
8654
7375
5295
2994
4231
9785
1948
975
6473
8059
598
5574
1106
5542
205
2791
2393
6985
5415
434
9609
993
1166
4957
3796
6927
676
8522
6787
9287
6952
5434
9577
1800
1935
1464
2544
5489
6702
1811
5700
9851
794
3402
3210
3942
8625
5126
2736
4638
6206
5166
6813
2643
1971
8077
440
2902
1335
5517
6333
5014
5828
3588
6880
943
4132
6661
9731
1901
4141
2219
2182
3585
2297
3796
8032
9165
8895
9392
9413
2352
5770
884
5274
8708
5854
5902
7647
1932
2452
7399
6582
3287
9780
7705
4761
6558
5279
3268
3178
7975
8547
3442
9981
382
1345
1731
5616
3608
8055
692
8738
8462
6223
2348
9008
81
2374
4415
4857
7452
9149
8880
6566
9840
6009
3579
7628
7608
7232
9272
212
4417
7729
4430
3797
194
9367
7459
9574
9370
7846
1391
7005
6915
2997
9230
3143
5467
3374
9069
9730
445
9395
6868
7881
6480
7985
1340
5266
7692
5638
9799
6070
6427
6160
5990
9764
9862
3925
970
696
1619
3466
5891
6903
5949
1409
1196
3150
5370
7362
190
196
8748
6208
6179
9537
5705
5453
1480
497
4985
7757
3453
4388
8941
605
7438
8739
3669
2164
8960
3052
4467
4837
7904
6434
9278
5738
5498
6570
8596
6397
872
8986
8857
2347
7751
5313
7828
6948
3375
9354
4659
2779
1154
171
4379
8262
5750
2092
6403
6759
4289
2592
9330
359
231
326
9771
794
7058
7244
1240
5474
7382
684
237
7514
9357
3608
590
4801
6318
3742
3825
4652
7477
5277
2888
7394
7209
1
8906
4359
7945
8254
5805
3171
7033
3951
5635
5992
1059
2039
8186
4408
2059
1257
2125
8045
8818
9798
1286
2651
3034
6604
8956
7399
4485
6392
5085
464
1559
2237
6136
6541
3509
5565
5037
9914
8610
9741
9096
1921
8034
82
7095
2217
8714
106
2839
9115
9715
1089
1375
5453
5716
9591
5827
2946
8073
5510
7301
9769
8652
1460
7723
3251
4116
2747
5585
1987
8675
6105
7581
9423
1449
4480
4905
4013
530
4597
1583
9429
9602
3867
3611
1989
4542
3220
1937
1441
6803
2913
9326
5578
7603
9010
1023
8753
1919
9315
1795
9306
4130
8841
7398
1157
7795
6556
6821
378
464
7113
2755
8425
721
3555
1650
9878
8704
9552
1450
4075
3242
2647
4655
6762
8437
3193
6678
79
49
7188
4668
6568
7339
5057
9921
5677
9174
2574
7810
9258
4145
4585
2754
5963
3211
6966
2177
3085
9936
7345
2620
8407
7799
500
3228
3932
6238
77
6670
7972
7084
4286
5228
2010
908
9583
270
4003
8388
2969
6598
339
5278
539
9285
4532
825
7156
9524
1930
8532
9731
7727
6185
5066
4486
6678
5075
7803
6782
4878
337
4004
639
392
8664
4956
3890
8491
8692
6526
4074
2160
1938
3539
9636
3167
3940
9140
777
2787
5598
1879
4374
5504
3669
2652
7814
6071
3683
791
7269
136
8187
3660
6985
1340
8121
6892
7505
3239
5411
3054
2350
2716
385
4982
4712
2637
8513
6270
7931
5445
7153
5479
6141
6075
4452
2523
4378
2155
9395
5373
633
1789
4086
2736
5879
4382
6791
3691
1925
7962
7011
8398
1112
7226
1909
4933
6319
162
6796
6082
4524
7482
1042
6474
2265
8379
4784
4841
6725
8101
1127
8383
1895
7750
3106
6208
5291
4330
4662
6669
7037
9577
95
9037
9762
9384
7022
3396
4766
1739
3746
3906
7119
5
3105
9671
14
109
1391
4299
6540
4748
2707
9967
5288
5055
6264
4311
4715
364
6557
8757
29
9657
4095
5090
5513
4110
7404
2947
4661
8709
5428
4747
290
2360
3089
6071
6854
138
1802
8961
7623
8346
1013
2736
54
2922
6475
2001
3768
4403
5898
4281
6813
8110
2841
400
7620
6546
5287
9143
1952
2055
6218
4001
6473
1756
9657
3891
3117
3455
7168
1599
1365
803
6603
3413
8733
8306
6999
916
3295
1974
964
1229
5932
9362
8634
5127
4107
3550
5341
3413
3468
9217
8497
665
8325
5381
7894
2088
7166
8593
7584
3531
4732
2426
6855
6986
7951
3955
2386
3842
8976
5583
3650
6035
4985
1038
8821
834
998
7689
9058
8465
8956
3393
4847
3053
3572
5023
9318
6389
3061
7562
9914
961
738
7166
1597
3358
1715
8970
1925
1673
7423
578
726
851
9536
5141
4863
8072
4043
3736
1637
6185
5629
5348
2749
7006
2365
4187
4395
7813
726
8283
8110
3811
1424
364
1245
6496
7203
1857
5591
2874
4788
3525
7602
3320
4535
1740
3908
6472
2947
7661
1371
8036
5204
7722
1784
6606
7132
7715
7540
3699
8614
9514
6037
7068
3342
8993
7437
6084
3053
6088
2491
5449
7866
3075
4580
8855
8230
5144
2868
7331
8099
8125
1525
7957
3439
1830
3324
7389
4936
3908
4634
1227
8874
8289
2793
4613
5528
4403
6166
1671
157
8154
1814
1394
7698
3331
5620
5412
8587
2591
4986
8702
9802
477
4730
7769
2180
6980
2734
2059
2322
9139
3031
3448
5016
9843
534
5562
9980
7564
3418
9320
4949
8125
6274
3671
5673
9718
9598
768
2201
5424
8908
2977
9998
3247
9859
5070
3899
2268
4067
8696
2674
4979
4066
7808
2078
47
4793
3109
4643
6814
3303
765
5200
2704
8063
5663
2136
7354
4063
2293
5719
2775
260
6979
6500
7138
1419
3637
8736
891
7262
1477
6071
7811
8070
7172
9290
340
7304
5855
8880
8096
8693
5052
8304
784
7293
3140
7484
1919
1500
9229
9747
7746
5718
4551
9717
6524
1430
6326
4040
6955
7843
3883
1635
951
1873
3350
5244
5159
1327
1651
1454
7711
4355
2699
2074
1507
2945
8720
5778
3021
8091
7461
5276
6092
9576
1638
1888
3439
3816
476
6408
4775
9111
4411
2387
9267
8820
3124
5554
1871
9463
3938
1008
7554
2588
2337
8027
4816
6319
8837
842
68
4969
6798
2590
7401
2826
3883
8802
4078
1282
5803
6228
689
6849
4793
2604
6301
1275
6771
3028
3207
3983
580
9041
2864
1352
9870
7183
4518
6976
3196
4864
638
1983
743
2685
8777
4724
6706
4037
7785
4705
4806
4722
7359
6511
702
7665
3882
5636
9089
331
2188
9649
5203
5386
2464
4911
116
8349
3836
1191
6743
9505
1343
3957
8772
1187
1020
6867
7899
5679
8548
5017
5664
3481
582
2926
4970
6413
4250
9842
2926
5152
9563
9034
1035
6192
1509
6962
965
8913
3464
2895
4123
9501
1205
9448
1107
4763
7309
9759
2712
5556
8997
7589
7638
6512
8593
2491
3298
6001
4674
3384
5199
7869
3737
345
7244
4398
6726
6269
24
8135
2130
7125
6646
8764
7520
2006
5993
43
4383
1892
1438
965
6896
9116
8971
4777
3875
7872
2470
9251
4570
9811
5424
1715
3204
7747
7773
2717
4162
4805
3773
2938
9648
5973
1749
8987
4229
3934
9473
5032
6224
1308
9505
8902
4135
7001
7288
3231
7461
5195
1066
4504
5123
1746
6739
5446
1478
4182
2680
9108
9426
8377
9208
6199
2475
7030
4958
748
2788
2551
7664
3026
236
9682
61
2787
8227
1242
2498
370
5746
3753
2673
7975
1401
8391
9433
8503
4524
6696
1975
4760
433
9768
7998
7537
1768
4333
4351
7114
5536
8946
1531
9032
5928
8886
9063
1695
6300
8816
2192
263
9792
8192
1603
8608
6979
5539
6967
8685
692
4256
1958
4567
2648
4369
3133
6611
3944
1815
7522
9741
1564
9242
4162
8677
6098
63
2865
2086
1595
562
9544
7102
7130
3217
1098
5427
1058
8083
4500
2306
3146
8078
4060
109
6834
8315
8072
8904
3729
9253
1045
7484
5084
8355
546
9631
510
5204
8305
2029
2453
568
3713
2236
6074
787
4051
7388
8080
5026
9919
6869
4797
4443
6175
5130
9289
9117
8397
4016
9723
710
2432
7494
6300
6251
9846
5521
2080
1214
5295
7935
3819
8054
2742
3716
2523
9808
6212
5739
9851
6988
7359
6226
5734
23
6501
3514
4597
8801
5964
6459
2452
5486
4602
8825
4774
6710
176
2343
5553
6487
1906
3783
1226
1757
8959
8334
9268
8337
1907
8868
158
6223
3230
8249
3157
9704
9881
9767
868
9538
5548
8942
4925
1568
2838
8536
5299
8584
5875
7383
8690
9980
1957
2850
7296
6819
6877
6166
7800
8275
2245
9655
1890
9121
4744
4993
3807
6906
6634
1993
7483
1782
3998
8167
5691
1570
4256
296
6264
9555
7283
631
5946
2783
5106
1938
731
4165
3594
7610
2616
2563
5836
5334
6656
1221
938
5362
8898
6405
3899
7375
5340
4906
1887
3114
4396
1187
9762
5487
526
2396
3017
8699
4653
2190
9431
8103
7810
2396
1695
2930
8027
4885
2002
9836
6903
4722
6202
275
1549
9660
9470
150
9595
332
7661
5841
9841
139
8520
6807
8779
3734
4744
1231
3700
8276
6525
7884
6380
2168
4648
4297
7460
1860
6488
8650
538
8490
6303
336
6717
2627
8135
2091
4910
7170
4290
4767
534
5618
4911
4373
5423
5303
4462
9828
4718
2963
9081
9032
2350
3076
4713
327
5271
7740
9676
6173
8045
571
6907
5993
3626
6089
511
5483
3192
350
8418
465
7754
8238
7999
4327
6930
7711
4267
9456
5757
1599
978
4738
8689
3045
3332
3124
1047
1609
7300
5567
2104
3197
4614
210
699
8474
4388
8603
3843
1260
2015
3956
1098
477
3489
9935
2718
6694
8636
2365
7473
7024
9871
359
6917
208
4038
7822
6416
7082
3658
1107
9712
299
470
3630
2993
1180
8559
3699
6499
877
6524
7498
6549
7632
8197
5196
8517
1879
9198
4509
1805
6147
2280
2651
1098
7296
7850
4624
4349
4497
7322
3038
6800
7515
6006
2242
2125
6395
9165
7466
6278
5404
9515
7874
7022
1259
7008
943
2240
8043
2012
4455
3158
9015
1174
1495
4338
8519
1175
3345
971
5614
9353
4931
5354
4701
1753
7547
8709
7418
8529
4028
1522
4406
3835
2188
5427
5124
2339
3443
2350
8872
7340
4803
2086
388
6065
4125
7777
8952
6210
451
9867
817
4016
3529
3032
938
8273
9224
7286
1486
6495
412
4041
1440
9254
6156
225
3649
6103
5508
8731
3222
1923
6101
1474
3808
5589
1859
2082
6421
3840
8601
8887
8805
1990
1109
5286
2046
9681
295
3753
5092
4266
4532
1859
7195
6621
4891
3482
2861
4172
91
6056
3878
3759
3263
5216
8176
2599
9324
1443
5886
9040
8689
9453
8793
6081
331
9978
591
9674
4793
5297
1811
739
5662
4456
5124
4513
6201
1428
3838
3342
6395
9658
8815
9375
4481
9401
6820
1749
6187
67
6327
8774
4383
8368
5207
9437
1589
4502
8395
54
7925
2829
2616
1349
7419
513
9580
8383
6375
7513
8653
789
8475
3895
4953
3603
2646
5991
9067
9585
1385
1171
127
2397
9166
2117
4884
6256
2873
5401
1546
1753
8742
5909
8708
9401
3239
8157
6450
2211
8477
7963
8830
6040
6338
3024
4426
1858
9260
9005
4319
7133
9847
8477
4961
4554
5880
3680
6766
5008
2112
488
7908
8360
5302
184
6834
9912
4356
7705
6289
2657
3137
9838
6281
5432
9552
4568
3332
4909
853
3201
8623
4985
1732
207
8174
580
8765
1837
4100
4137
2036
3461
7131
2147
2337
7318
7108
5946
282
6904
9956
5709
1838
1586
6760
9073
3346
5185
2999
6160
7900
5255
3743
886
4148
5573
3673
4405
8000
2971
9134
283
7525
1030
3160
2591
1419
7421
3337
7453
1782
8683
6750
5834
2714
6104
5809
309
7215
9037
3741
1419
6237
7445
8734
9825
5389
3778
1305
8946
6741
5378
315
8989
5464
2527
9244
7401
3625
3984
5841
2606
6357
1391
5041
7628
8834
6291
7204
7685
6022
8659
1122
1179
974
3832
4011
6622
1656
5504
8748
9015
670
6074
1984
7916
7097
2033
5450
6047
4706
1308
6775
1643
6218
1542
5408
9968
8998
3104
3901
9408
3603
8329
4711
5389
2918
8941
7925
1013
6291
6909
5892
6716
27
101
6576
2557
2877
2991
8667
5778
2750
4438
7953
3198
8769
9062
6273
2661
1025
6120
1489
308
8872
9938
9345
735
7480
8944
5833
5242
1503
6122
1724
9346
4158
2330
9317
4447
9826
5329
5119
156
8347
1592
1167
3145
9582
5029
2035
5593
7546
6585
4129
1306
4418
1355
8889
407
6098
5339
1671
4147
2598
2233
3714
9795
8551
1775
5421
1880
1383
5078
5374
74
7261
9095
1015
5933
7878
1921
3705
383
4292
2977
3010
1369
7618
7302
2493
6384
150
1136
2025
7746
4704
6792
9698
9447
4381
8391
9783
3118
9759
6491
1856
7286
5589
8811
217
8423
4502
6358
2043
4530
891
9061
7289
1982
4232
2718
3353
4200
7370
9535
2705
6330
2005
7800
2266
3579
548
2390
9185
2105
790
6662
8849
429
7431
8072
7441
6229
2405
4347
3188
8065
4152
4443
7542
4104
4513
8632
9973
229
765
5107
7819
8045
9466
6206
5643
9263
8220
6038
6986
6681
1294
2645
5015
3552
5055
2110
7624
2553
9623
9025
6798
2702
3860
7629
1709
7633
1804
530
9922
1450
31
7480
1339
8983
7059
4898
5077
5768
7871
7971
320
9294
8921
1075
8396
7139
1563
8991
4794
9526
4752
905
6681
3487
1067
1582
3547
3371
3648
9222
6093
7732
5468
7516
1179
5770
6500
198
8719
7455
8827
9992
9798
213
4505
284
3927
1635
6057
7046
7394
2041
4928
617
3931
2948
8881
1778
3568
7483
5389
4218
5468
6604
4397
5996
5766
655
467
5857
2015
9183
1304
6388
1700
3243
6923
4923
3449
3471
1306
4801
6103
4095
6308
4157
2563
7749
5759
6761
2494
8462
6272
9590
371
530
75
4800
3111
9093
4337
9549
4585
4205
947
5727
2675
3931
443
3079
8211
3590
3910
3410
4156
7627
7044
626
7649
7835
1297
1202
7201
6594
8053
2345
2232
6688
3112
589
2381
9838
410
1866
9609
4572
5875
5171
6937
290
4582
5895
3889
8472
6968
1586
172
3854
2767
2478
5949
8086
4522
1456
9167
5916
6097
3292
7846
9242
5387
985
7975
7530
4638
7808
5714
4032
6220
7281
5965
6000
6456
9690
8087
3660
5243
3032
3471
7107
4558
8262
9051
2467
4682
3616
5418
8684
2985
414
8133
4120
6463
3256
6091
7779
5856
784
1354
3429
6169
9321
696
6130
5636
577
354
9785
2827
6375
1897
1175
9435
7867
9000
678
4536
4071
1978
2332
4616
4735
9395
6286
2504
5495
3801
4759
7507
9100
1700
8605
8503
5070
6226
5346
1499
1583
4689
1090
3309
7596
2145
8138
3325
264
6439
7303
6148
2562
9813
8936
8810
8688
7081
9521
7691
304
625
1291
1874
4956
8024
800
1639
9123
9003
8626
3085
2266
4552
6458
2441
4961
2575
9705
6548
3756
1236
3462
9176
7742
3281
7178
6412
6988
2042
8691
8137
972
2598
1433
6804
5938
9579
9553
9173
3700
6531
4472
1446
837
377
2937
3303
6453
8543
1055
1788
8714
5628
964
1662
5228
1077
6809
4898
9997
9294
4529
8305
160
8848
5566
4941
9018
7989
8102
1919
7956
9560
623
4505
8779
9574
1762
3968
9707
217
7170
4580
2829
9848
8949
3326
8159
9682
5610
4474
9596
9273
906
9922
1080
665
7987
5454
7039
4132
1281
2450
9781
6788
2268
4403
7963
9049
6884
7671
4434
2902
1680
6282
8849
264
3049
1355
256
9310
8855
6682
7552
1601
4610
3395
1180
3075
6991
8262
7717
7525
5929
2138
112
2057
2758
7360
270
205
5995
5471
7362
9861
8193
9558
4830
12
7031
8693
1372
2355
1277
5504
6390
1344
7617
1728
8324
8910
7459
766
5131
8206
3780
699
9737
4048
6822
6021
9710
6456
4052
1421
9661
7640
4139
6354
6874
2131
6950
4837
5557
4337
1528
965
2759
7767
1871
6939
9470
5383
5953
7077
3720
1124
6871
8230
8601
8483
6276
4316
7039
3236
9303
233
6876
3886
7103
8375
4376
5199
7797
9119
1606
7351
9141
5236
3303
5599
6556
8975
1858
3157
8294
9742
4772
3019
5438
9752
7617
2817
8237
4808
6880
511
1812
7441
1359
7672
3669
69
7771
1466
2655
6508
6122
6015
3996
1238
3030
8793
7874
7125
6688
7922
9659
3975
5426
1811
8321
2249
2968
3441
5839
8551
7344
7782
4487
2072
7204
2320
751
4100
8772
7490
4344
5892
9071
5913
8281
3745
6181
6780
1317
3942
5301
4460
7162
4386
158
8480
5858
4212
2915
5374
1440
7440
2144
1604
6600
1806
7672
721
9436
9329
3119
7272
9572
873
1837
4549
956
2988
9597
3237
6446
1655
7864
3227
4946
4207
4782
1454
5291
7679
7104
4461
2340
9069
5218
5587
9818
648
5128
3158
1319
1292
5820
7888
5590
3058
7779
4788
4715
759
8593
7339
4165
1084
4549
9416
1769
7024
2937
3494
8664
2773
8374
2075
8992
4078
7848
2913
6725
9092
3471
7631
7344
5179
8898
7629
9334
7850
5291
805
5448
9013
5323
7524
6494
3060
9212
4534
1092
1000
5090
1076
3223
4748
7060
2309
5717
6013
8278
1342
1849
6783
3064
2672
9136
1312
1633
6629
9086
2738
3353
6536
4205
972
9648
7751
8849
2338
5583
475
3667
5609
21
6280
4318
3526
7803
1674
3910
3675
3831
719
5187
7690
8169
2678
2847
3124
3307
7
8614
8088
9593
6620
1660
4732
2512
6259
4815
4016
5938
6090
2628
864
8824
1170
801
5741
8856
1301
7762
5977
5535
2993
8228
7766
6876
5722
5487
7637
8448
3496
3830
435
841
9849
5072
9359
1804
6827
3418
2444
2288
6259
1072
9041
1398
4682
2930
9277
3889
1630
2468
9293
5234
4715
2484
5118
3535
3885
3765
8441
4575
1581
1936
8274
6183
5116
7749
3500
730
2535
8909
2651
56
3465
2154
8912
5441
2008
2766
312
6297
9617
4939
7317
5213
2058
508
2670
3688
6071
5427
1171
2439
8132
3077
350
2525
9859
1010
6484
8682
2025
3030
4250
4262
1866
1671
2472
7947
6480
7074
2855
6008
8421
7018
3412
314
8320
9428
3332
1501
3333
3093
1489
8773
9539
4490
6450
2643
1013
8649
1922
4607
8254
9795
7863
8201
3866
3150
4167
9194
3956
2725
794
8786
9612
1190
5466
2557
3938
6963
7664
9697
6696
595
5558
1529
348
7155
693
5741
8451
3897
3817
2878
9764
2764
4029
4628
9188
5437
2623
9247
9704
4596
2429
8040
7858
8797
3244
8258
8993
9957
4042
1983
7474
1815
3024
7627
1396
4943
7322
511
939
8885
5161
1658
4433
4819
4627
9438
6447
2785
4876
6944
7787
5967
7518
9132
8129
751
8244
7647
8227
5398
1324
7986
101
2024
2493
3200
444
6273
8996
684
4577
6607
9043
3776
5738
436
6788
7849
7223
7442
3096
1394
2948
1428
6815
6180
5394
744
6048
6991
8543
3947
4018
684
7443
1718
9510
6332
5311
8253
7577
3093
3748
5384
2251
90
1517
467
9312
3079
2628
4737
3823
5971
4992
2272
4116
1367
6813
964
1174
3209
9027
5963
9946
6335
8629
2956
7037
2308
9512
3337
7425
8224
4566
5824
1376
5360
5225
9409
1584
7536
2385
669
9687
4807
5676
4403
794
6748
6440
308
4436
994
3444
25
411
6913
9369
8200
8433
1359
391
8476
1188
3276
824
288
1415
6616
9695
5182
4991
6492
6397
1997
3642
1789
8091
8727
2843
8557
2418
5092
2790
2430
5260
3964
2860
5036
4777
1651
2930
8899
9756
6763
8093
7717
2439
4853
6873
4027
3399
1404
6836
4268
8819
8824
5694
2048
8544
4063
421
4008
6676
2266
1693
9113
5145
8380
6057
1397
4692
3088
3612
8275
7013
1587
4736
1341
6401
3769
5370
4270
9208
2170
6754
2915
4632
9687
2127
5958
949
2536
9884
612
7127
5127
9953
6768
982
2676
7741
4701
1504
4204
7898
6012
4801
3285
8374
4821
221
6432
3743
6400
5649
9318
5633
3397
8714
9147
7236
5628
3706
7478
8337
7974
2365
1529
7085
2371
383
3578
4797
4090
472
7447
513
9551
7128
8287
2715
2773
7874
6838
6647
217
666
2217
7022
9269
7410
7872
7549
3896
9088
3832
667
2104
8860
4603
3163
3766
5692
6159
5920
4080
2548
7354
8973
7500
4
772
6211
9304
8252
5550
7662
7137
7883
31
1053
2863
2610
5229
8562
5823
5127
1050
9087
2224
661
5961
1173
1784
1499
7371
6784
1988
9700
4393
1559
2375
4578
6815
2848
6077
6107
4159
2896
3564
5357
6501
856
3968
8317
4370
3963
2690
9996
8494
5177
74
1587
1414
1868
4863
4647
2064
7702
7869
2734
1297
7799
5841
2771
1039
5434
2859
5501
2250
7086
6750
6847
7220
1473
1009
9720
9820
7363
8487
8897
3334
4425
1718
9928
9184
1122
6169
6745
1514
3798
6943
1616
1906
1445
6464
5410
5764
1397
587
5752
6862
2205
3176
5563
9403
1274
4734
4765
7567
6525
8913
3443
953
3267
1849
5641
619
9782
3210
9174
4449
7671
4527
8292
2500
5950
9947
2866
2659
1069
6915
9879
4451
8562
9411
434
4172
5877
4391
8232
7645
88
2863
3544
7843
8631
600
47
3400
6022
9961
601
574
4560
3470
2016
5643
2450
1880
8185
6891
8480
4281
5555
5354
8408
5487
4866
1321
4560
6411
8302
9227
6801
6430
1792
7009
9973
2849
8030
7260
195
1479
6983
6594
9
4083
7165
6513
239
2980
2724
3777
4651
453
8549
753
2039
767
7998
6598
9177
5590
5631
8211
7250
9394
346
5867
3823
23
2731
2194
2190
1023
4083
4743
39
6567
3567
1749
9749
6837
4289
7931
3379
1593
8675
2134
6399
2312
8468
1479
5577
8771
4923
7308
8084
4217
314
6644
823
4406
2750
9173
1283
9675
2478
3807
3805
5952
9322
780
8029
161
7765
4919
9536
7812
8241
3254
6184
5754
667
5443
7518
1025
9003
8629
8746
7538
3641
9281
5269
5949
1839
3354
8491
8458
5063
2652
8770
9522
6121
9671
6725
5519
8253
5407
9854
1225
2992
4602
7446
8662
3501
746
3082
4334
5387
8772
701
4168
7494
6830
7152
1572
1100
9798
1425
2953
7070
6245
8367
6749
7072
7454
2552
6586
6705
1810
6217
6508
5562
361
3694
6410
1653
9700
3594
8770
5355
6415
9164
3582
1144
3359
6698
6973
3683
1678
1645
422
8572
4183
2166
1726
7023
4970
282
5887
8058
7445
1456
3959
1420
7875
4502
550
9337
4443
5036
6177
5525
2398
7330
8913
5353
4347
1413
933
1987
996
4512
9424
9492
1718
8539
8097
5378
6206
8214
5039
1869
8180
7633
5045
7313
9604
6606
9681
6565
9220
1961
6357
1922
2312
3099
8449
4256
9587
5617
2125
7349
1791
1542
1938
7119
3280
9827
6489
1428
2133
6159
7498
5450
6586
6838
470
2221
7597
7516
2813
7902
5156
3916
5745
6555
1592
8309
9625
9751
8589
2492
8420
2247
5857
5261
7975
6109
8506
7
4443
2165
7043
5913
3801
9503
8584
4480
724
796
446
1612
5242
3727
7530
4348
8597
6483
3098
462
5516
8378
8476
8618
8692
4999
952
6555
2707
1002
763
4855
8847
2611
7386
4240
9311
6254
2598
5072
9142
9317
2754
8750
6916
3991
5552
2030
667
5394
7207
6953
3836
706
4385
1017
7126
6954
1515
4527
6075
1228
8174
4616
868
8636
3113
8347
4462
88
1206
528
7459
4130
7096
5368
3304
4481
4638
4970
5390
7672
4399
1797
8424
3222
2371
6693
24
2194
1874
8850
4920
8619
7141
9167
3381
2282
1507
3867
7503
685
5289
954
3872
2601
8483
8086
8769
5576
1187
6829
2565
4971
346
4860
3248
2706
4803
4673
5112
9731
1962
4618
7591
7417
8376
5683
903
9584
3525
5332
9740
8652
680
7933
3588
6562
1323
9811
2430
3508
9853
5839
9536
5288
3500
3588
8890
3125
8269
549
3347
8200
5529
9702
1073
6785
5422
8805
2024
894
2636
9155
3282
3660
7319
323
1891
8254
8887
8342
6539
4123
3324
6217
4871
4536
5181
7231
1547
5016
3969
3515
3224
3063
856
4603
599
5813
5679
3305
4338
3702
6157
9109
1285
5079
896
2544
9688
8780
5269
7470
7343
9136
4593
2080
4548
614
2163
3577
4520
7364
626
5915
7581
6302
3966
4804
1776
1036
3929
9252
1876
7960
9092
4302
697
5112
7011
5371
1573
9051
9848
584
8461
4899
1738
3865
634
9979
1763
8177
2214
1996
9875
5277
2905
8614
4338
5626
5198
6435
8363
9676
5037
3900
469
9659
7499
4428
7815
9223
6381
3228
4257
6776
6744
3653
5196
7241
2466
6723
9432
6074
6624
461
4173
8859
1144
4115
3120
9581
3569
5951
9108
740
3017
2362
2180
8900
4453
301
1168
9955
246
4677
1838
9440
653
7292
7537
4526
336
4137
8837
6032
6337
3415
7194
688
4007
7532
3841
6223
1321
8495
9245
4399
8747
7613
318
17
1343
7241
2283
7151
2156
4412
9610
7378
1120
3621
5739
8605
1668
8793
4452
7267
8023
2504
6729
1100
9773
3902
5626
4504
6732
5458
8345
3569
6318
2668
9010
3253
7722
129
7880
4912
2009
2041
2731
8406
4925
5116
5966
9344
9705
7109
6648
8670
427
4755
91
8783
2601
768
8906
7627
6548
717
8485
9794
915
7116
6765
1581
8153
9855
2839
5146
1173
9219
1459
5453
559
186
842
2505
4684
4422
9278
539
868
9453
2010
5317
4331
2879
3632
399
3098
3150
2777
3412
1253
7440
5303
3683
9956
1449
9342
3366
5539
5587
617
5168
6596
6930
9227
1166
7524
6566
9763
8810
4227
7533
5038
2216
8794
9385
9990
9086
3919
1641
6397
6217
4499
9838
896
9427
3450
4717
8534
6971
1080
7227
1556
9021
2561
9395
8490
9633
6005
3936
1687
1779
4446
3457
2444
467
8619
3534
1610
3764
3867
2595
104
6632
3714
5548
8207
7848
4700
7379
4662
6047
1907
7604
6615
6907
2300
6343
9288
9858
3448
8068
9876
9337
8523
9607
3623
2572
4539
4871
1283
3175
9745
9942
6268
7368
7777
8668
6627
7622
755
697
1737
6649
825
1016
6087
3252
9851
2503
2837
356
9901
705
7993
4692
3000
3163
1985
7091
7195
3934
9171
2077
7416
7651
7399
5595
3822
6482
9110
51
7401
7616
2674
6600
2391
8542
7682
5615
7807
2335
693
7617
5814
5372
8623
8607
2962
5493
5365
5680
1448
9452
3519
1104
1424
4737
7166
5605
2166
2277
3517
4534
9399
3396
952
3776
8468
6485
8487
5788
8193
6288
7022
26
8228
1451
5859
6116
3533
4032
8919
2634
3179
8042
3872
9112
7113
2775
3927
3979
3740
669
6449
6554
3228
8747
4755
6899
6285
7324
9431
3406
5828
9562
3380
4278
9451
748
394
5764
3862
6673
526
6926
8602
6405
6786
8037
5248
5904
6752
7255
27
5423
9587
8147
2336
5465
3629
8829
8991
3158
2247
2045
4201
3365
5984
4294
8245
6568
7107
1329
3627
8648
8687
6750
6068
6027
4038
248
9131
3341
3951
2091
5484
9777
8528
889
4877
4562
7630
2356
8715
1657
8938
7830
3832
8675
5490
2636
3499
5288
5149
6052
2021
1912
2924
6563
370
371
3342
8400
4221
4388
4095
7931
2484
9264
4126
1370
3958
6910
8975
8487
2117
4503
3733
534
3150
2497
9269
4423
423
427
533
9367
9253
7032
6686
6621
9552
4578
1563
7786
257
5945
9547
2174
8738
7035
6326
9173
386
6366
6192
7240
8450
8345
7558
7184
1856
6627
6180
3749
9216
9221
1223
6126
536
7567
2744
5026
4214
7664
427
1194
5869
2518
2483
7838
7233
1677
505
7354
7905
5412
770
934
114
8240
4993
8167
6793
8907
3847
2598
6260
1693
4719
8333
2584
6956
1092
2264
9320
7215
4733
6258
5706
8727
3419
3726
8663
7542
6309
5419
949
3290
6310
9981
5715
3603
3737
5827
318
6989
8435
2257
7792
2226
8147
9365
2608
7901
9350
8245
8505
6586
3072
5311
51
4318
2236
7091
6356
7563
8990
4803
4878
6635
175
1178
5616
6655
6571
5574
1168
4591
6924
7239
6092
3635
845
710
9807
4254
5663
1848
879
4601
1032
7740
6937
1673
1706
8806
3713
8580
3247
6848
8728
2608
7642
8492
2
3367
5823
9488
7831
260
1884
1692
8161
3741
9454
1185
9363
5397
4101
2956
337
7743
6916
4840
6773
5818
3518
1025
4133
9162
9558
3284
452
4538
8550
6360
9430
6912
324
2415
4415
8630
8751
8317
6906
4441
5503
8675
8936
3133
2559
7002
7363
4858
9954
7166
9459
6935
6800
7352
3448
9928
3023
9203
4665
46
6450
5473
7886
3609
4879
582
9016
4182
5605
9788
4817
3281
5496
4352
7656
1067
3159
2011
3337
4349
1016
4386
4004
5370
9150
5506
4853
6369
4702
8542
2887
1690
260
1071
8347
1369
2226
2690
4587
7504
5441
2663
153
7528
3505
9410
7623
6490
5150
8134
7344
3875
5822
7638
648
9143
156
2489
6340
4171
5447
2059
6291
94
8409
3730
833
646
7498
3523
2309
4051
947
3801
5621
744
6253
4291
7891
4766
307
9696
5477
2546
660
4380
5480
3957
7423
2248
628
7039
2249
7812
943
9584
5493
2657
2962
7884
5188
52
7459
5404
1779
9280
9559
1856
703
415
973
6218
832
9735
2648
5624
594
5743
7558
5711
5102
5845
7595
7017
7067
4139
5547
6321
1421
1481
3014
1458
8611
35
7780
3031
4336
5813
9618
6730
4147
4405
1828
5508
9756
7041
6891
1715
180
6389
8526
5507
4910
4122
9208
7309
8172
5132
1690
8942
3070
6540
5480
132
1867
3123
4348
4543
4034
4660
8940
2241
6793
4820
9357
3525
3836
5699
6168
2472
6678
6860
4736
7160
9658
2863
6958
7605
3983
8622
6587
1686
8430
7676
9122
3996
4304
4462
4944
2462
87
8049
4846
2847
6855
1382
397
1771
8959
7130
7681
4786
5764
8433
1862
7207
9276
468
1788
1901
9402
6654
8323
37
3258
1523
7530
7918
7479
801
9919
5471
2775
8089
12
9664
8136
6700
6219
9243
8042
4632
9671
5490
9745
476
2028
7419
9341
8110
6528
8822
4657
8462
3598
8851
229
7302
2177
7494
4627
9087
570
2180
3222
8189
6152
2031
122
508
1513
1818
1428
419
5734
8551
8268
295
3418
9811
2096
2410
824
4442
6637
5956
7972
2998
583
5109
7978
7488
2613
7578
0
7383
5677
6969
203
1589
564
6383
5894
4140
9791
5165
1617
4770
1539
5496
2400
4148
9983
594
8571
7612
2731
1694
8608
492
8278
6704
1344
2785
6408
9438
6497
821
2278
4681
3003
8850
570
982
7886
4002
9537
42
4534
3978
6030
8833
8145
7959
1663
8167
7845
7773
7162
9360
9517
8127
6640
8807
740
1838
6041
8848
9394
8438
340
2122
471
2270
2194
5766
1420
9235
701
1266
4967
9735
2695
5560
9745
9043
543
9073
3333
5289
9832
6748
9300
9614
7513
8887
9742
2612
6068
9604
7446
6143
2121
2052
7296
9823
8516
1228
4832
7085
7347
7129
973
6525
7681
3292
5831
483
5801
8366
1266
4260
7654
1236
1396
6211
2909
3451
2593
1035
7531
6223
9692
6067
7101
3107
3109
3070
6242
3626
2349
6108
472
7552
4996
9454
5543
4351
6695
8151
5914
7372
6851
7852
8392
7766
