315
881
253
922
126
836
879
432
691
701
100
135
68
297
985
736
718
557
747
740
290
604
786
698
165
97
817
51
7
439
632
586
466
932
671
405
800
462
489
673
672
819
440
384
550
374
347
812
160
389
726
324
233
907
160
751
329
800
754
574
886
286
221
754
749
926
15
182
367
880
140
338
494
989
678
957
753
81
833
206
621
734
317
97
460
630
172
681
23
542
726
818
446
928
231
206
136
117
869
686
99
53
256
743
208
601
236
588
631
519
797
111
111
270
156
534
118
2
645
606
920
180
840
723
485
557
489
454
730
390
195
586
78
72
461
913
428
645
695
722
644
961
962
97
407
646
835
937
817
357
446
839
422
289
968
818
477
298
65
152
87
494
548
538
559
677
333
109
717
513
69
828
169
935
224
207
490
837
236
313
103
780
357
537
161
90
147
656
121
412
195
318
792
532
534
184
564
19
388
614
221
46
331
966
172
547
705
302
250
753
120
504
190
996
192
615
766
619
230
506
127
749
466
804
272
690
528
406
740
683
327
762
549
832
187
598
116
67
66
656
423
105
964
556
933
512
162
900
864
151
782
288
255
454
248
17
875
228
630
822
458
946
529
224
912
752
98
652
132
754
55
799
797
509
46
349
58
9
500
537
345
875
230
767
608
919
370
883
188
710
881
544
169
301
796
538
506
782
558
836
430
935
317
612
650
851
784
473
639
982
323
651
866
812
265
983
169
989
56
76
606
496
722
171
2
222
340
888
141
34
617
198
965
337
447
675
452
896
321
353
827
635
753
248
613
994
490
948
595
416
101
479
158
472
708
46
623
176
35
145
131
63
655
946
354
662
300
857
807
147
363
625
824
19
284
379
310
882
318
580
253
562
305
908
576
34
468
757
329
897
902
139
422
405
407
505
37
420
540
164
655
957
267
762
115
426
403
541
474
40
123
892
512
353
153
84
615
332
921
882
410
895
856
199
980
384
235
836
696
5
454
833
710
889
376
953
942
30
453
338
928
60
639
430
282
485
742
845
626
745
731
997
744
229
701
932
426
152
658
994
919
27
999
674
165
324
607
221
34
776
755
387
557
732
610
965
807
876
968
624
378
623
25
922
653
520
369
253
913
993
120
946
113
890
114
671
632
327
287
809
581
528
978
475
321
470
689
424
700
371
953
165
127
271
354
226
5
217
415
674
266
867
18
633
672
618
273
820
342
751
241
798
467
453
750
968
505
980
586
89
239
696
723
490
938
181
901
974
566
119
762
828
365
210
978
281
391
938
291
227
588
601
128
989
741
667
534
465
240
187
470
24
900
662
146
126
258
524
948
731
605
133
690
257
776
980
373
969
129
611
379
454
424
644
29
24
353
128
742
708
250
409
617
774
156
620
105
567
735
878
584
811
740
299
83
442
636
956
105
439
726
3
454
110
612
268
283
763
120
772
102
738
868
774
309
296
507
163
935
0
292
219
668
780
50
51
922
88
789
287
626
162
169
923
686
698
814
594
573
915
966
910
281
303
295
898
984
151
778
82
97
268
444
153
44
204
421
736
25
649
167
286
210
647
5
695
312
712
43
836
266
907
391
867
748
514
102
807
636
940
655
570
115
98
875
402
997
654
148
381
43
119
425
484
481
12
7
494
688
975
357
908
997
13
200
874
895
755
998
107
463
996
476
676
754
564
252
541
971
953
793
706
701
60
824
920
186
789
88
919
594
242
804
292
507
731
484
211
407
834
832
410
767
321
272
7
449
809
306
983
526
679
281
396
293
883
366
696
221
993
469
824
793
39
622
139
729
408
844
596
873
399
853
8
105
771
56
685
991
15
142
211
553
917
259
614
427
382
176
772
904
436
90
400
832
758
682
638
127
116
870
828
664
588
223
789
685
501
363
551
448
624
821
267
736
257
692
769
13
518
139
12
496
286
277
500
102
5
186
618
282
777
869
679
42
940
769
418
19
648
39
615
358
803
173
488
260
48
721
532
508
447
781
484
983
883
659
219
140
192
612
417
726
541
841
35
534
550
997
755
822
272
284
765
150
170
872
487
778
897
764
101
414
806
402
10
95
803
329
727
187
384
911
984
35
410
706
288
550
479
350
530
156
543
940
721
828
759
760
393
621
420
865
721
14
241
463
959
580
173
262
343
995
391
955
248
159
115
787
978
246
407
715
264
838
183
31
234
902
243
411
332
258
245
302
450
369
196
217
296
733
229
978
865
878
114
229
719
14
243
529
681
648
545
183
443
83
148
554
545
569
401
958
166
10
260
437
172
562
939
